10,93
10,181
10,145
10,119
10,173
10,141
10,75
10,2
10,3
51,3
51,1
50,3
50,1
49,3
49,1
9,7
9,2
9,3
48,3
48,1
46,3
46,1
8,13
43,3
43,1
41,3
41,1
39,3
39,1
37,3
37,1
32,3
32,1
29,3
29,1
21,3
21,2
21,1
21,0
12,3
12,2
12,1
11,29
11,28
11,27
11,26
11,25
11,24
11,23
11,22
11,21
11,20
11,19
11,18
11,17
11,16
11,15
11,14
11,13
11,12
11,11
11,10
11,9
11,8
11,6
11,5
11,4
11,3
20,2
20,1
11,2
11,1
10,308
10,305
10,304
10,302
20,3
10,299
10,297
10,296
10,288
10,286
10,248
19,2
19,1
10,242
10,238
19,3
10,237
10,223
10,214
10,208
10,194
10,193
10,182
10,180
10,176
10,170
18,1
10,152
10,146
18,3
10,136
14,1
10,131
10,109
14,3
